011751
012420
012383
013573
013718
011872
013767
013768
012459
011750
011858
013722
013225
013459
013458
013848
011856
013772
011455
013632
013557
013777
013439
013571
013624
013599
013355
013363
013558
013847
013505
013672
013665
013445
013618
013457
013501
013502
013585
013584
013503
013504
013668
013361
013381
011839
013454
011832
013443
013518
013638
013639
012000
013589
013462
013286
013729
013464
013285
013463
013451
013561
013562
013444
013784
013783
011525
013710
013707
013709
013708
012344
011603
011147
011148
013437
012181
013631
013748
013216
013836
013835
013706
013212
013206
013833
013214
013205
011113
011090
011112
011291
013834
011104
011103
011102
013702
013703
013705
013704
013338
013424
013425
013763
013652
013752
012180
013774
011451
013881
013655
013431
011213
013436
013780
013673
013778
013779
013435
013433
012240
013426
013788
013882
013766
013878
013890
013856
013855
013713
013765
013857
013891
012475
012476
013764
013862

